"Name","TeamAbbreviation","GamesPlayed","Minutes","Assists","AssistPoints","TwoPtAssists","ThreePtAssists","AtRimAssists","ShortMidRangeAssists","LongMidRangeAssists","Corner3Assists","Arc3Assists"
"Joe Johnson","PHX",82,3334,362,831,255,107,113,53,89,42,65
"Peja Stojakovic","SAC",81,3269,173,381,138,35,54,13,71,11,24
"Stephon Marbury","NYK",81,3255,719,1576,581,138,233,102,246,71,67
"Cuttino Mobley","HOU",80,3236,258,582,192,66,95,34,63,33,33
"Kevin Garnett","MIN",82,3235,409,908,319,90,114,64,141,33,57
"Shawn Marion","PHX",79,3210,214,477,165,49,83,25,57,18,31
"Steve Francis","HOU",79,3197,493,1130,349,144,167,61,121,55,89
"Richard Jefferson","NJN",82,3136,315,679,266,49,142,30,94,8,41
"LeBron James","CLE",79,3127,465,983,412,53,186,78,148,29,24
"Damon Stoudamire","POR",82,3123,500,1072,428,72,191,107,130,18,54
"Jim Jackson","HOU",80,3120,226,488,190,36,75,63,52,19,17
"Latrell Sprewell","MIN",82,3101,286,605,253,33,84,70,99,5,28
"Paul Pierce","BOS",80,3100,410,973,257,153,138,36,83,61,92
"Zach Randolph","POR",81,3072,163,360,129,34,66,25,38,4,30
"Ben Wallace","DET",81,3060,138,299,115,23,69,20,26,8,15
"Michael Redd","MIL",82,3020,185,407,148,37,67,30,51,12,25
"Jason Terry","ATL",81,3013,437,957,354,83,170,60,124,27,56
"Lamar Odom","MIA",80,3002,327,739,242,85,129,19,94,25,60
"Eddie Jones","MIA",81,3001,258,550,224,34,97,26,101,10,24
"Carmelo Anthony","DEN",82,2991,227,490,191,36,113,27,51,19,17
"Mike Bibby","SAC",82,2983,444,982,350,94,178,35,137,34,60
"Donyell Marshall","TOR",82,2982,122,284,82,40,41,10,31,24,16
"Eric Snow","PHI",82,2976,563,1246,443,120,182,66,195,48,72
"Stephen Jackson","ATL",80,2943,244,522,210,34,124,33,53,13,21
"Jason Richardson","GSW",78,2941,226,510,168,58,77,36,55,22,36
"Rashard Lewis","SEA",80,2934,175,434,91,84,39,19,33,25,59
"Dirk Nowitzki","DAL",77,2920,207,456,165,42,92,38,35,16,26
"Andrei Kirilenko","UTA",78,2906,244,508,224,20,120,16,88,10,10
"Juwan Howard","ORL",81,2884,158,363,111,47,50,17,44,13,34
"Sam Cassell","MIN",81,2848,592,1248,528,64,161,121,246,24,40
"Kerry Kittles","NJN",82,2847,206,465,153,53,65,22,66,16,37
"Andre Miller","DEN",82,2847,501,1071,432,69,271,28,133,26,43
"Clifford Robinson","GSW",82,2842,271,588,225,46,113,48,64,17,29
"Antoine Walker","DAL",82,2837,369,810,297,72,140,45,112,18,54
"Gary Payton","LAL",82,2836,449,974,373,76,172,69,132,21,55
"Jamal Crawford","CHI",80,2814,405,891,324,81,155,53,116,28,53
"Jamaal Magloire","NOH",82,2795,86,196,62,24,25,5,32,5,19
"Jermaine O'Neal","IND",78,2789,164,372,120,44,68,9,43,23,21
"Vince Carter","TOR",73,2787,348,799,245,103,100,28,117,73,30
"Richard Hamilton","DET",78,2785,310,687,243,67,137,44,62,27,40
"Doug Christie","SAC",82,2783,347,785,256,91,140,23,93,37,54
"Michael Finley","DAL",72,2782,212,480,156,56,77,24,55,8,48
"Chauncey Billups","DET",78,2772,446,934,404,42,187,80,137,18,24
"P.J. Brown","NOH",80,2757,155,338,127,28,57,17,53,9,19
"Metta World Peace","IND",73,2716,272,608,208,64,101,40,67,30,34
"Kirk Hinrich","CHI",76,2709,517,1108,443,74,147,90,206,28,46
"Kenny Thomas","PHI",74,2704,111,257,76,35,38,16,22,12,23
"Yao Ming","HOU",82,2702,122,295,71,51,38,4,29,14,37
"Tayshaun Prince","DET",82,2697,191,413,160,31,78,33,49,6,25
"Shareef Abdur-Rahim","POR",85,2690,174,390,132,42,65,20,47,14,28
"Tracy McGrady","ORL",67,2688,370,802,308,62,126,73,109,28,34
"Baron Davis","NOH",67,2687,501,1105,398,103,203,56,139,41,62
"Elton Brand","LAC",69,2675,227,504,177,50,82,19,76,6,44
"Theo Ratliff","POR",85,2662,71,161,52,19,26,6,20,1,18
"Corey Maggette","LAC",73,2630,224,482,190,34,85,50,55,9,25
"Bruce Bowen","SAS",82,2627,113,242,97,16,41,22,34,4,12
"Brad Miller","SAC",72,2627,312,695,241,71,121,26,94,17,54
"Steve Nash","DAL",78,2616,687,1532,529,158,262,95,172,25,133
"Carlos Boozer","CLE",75,2598,148,317,127,21,51,27,49,4,17
"Rafer Alston","MIA",82,2585,372,841,275,97,112,33,130,31,66
"Tony Parker","SAS",75,2579,411,927,306,105,118,62,126,62,43
"Antonio Davis","CHI",80,2579,137,317,94,43,33,24,37,11,32
"Zydrunas Ilgauskas","CLE",81,2543,109,237,90,19,40,15,35,5,14
"Kurt Thomas","NYK",80,2542,149,341,106,43,48,25,33,13,30
"Desmond Mason","MIL",82,2535,152,340,116,36,57,26,33,12,24
"Tim Duncan","SAS",69,2525,213,475,164,49,87,23,54,18,31
"Chris Bosh","TOR",75,2517,78,178,56,22,25,7,24,11,11
"Jalen Rose","TOR",66,2512,329,739,248,81,104,36,108,34,47
"Nene","DEN",77,2512,168,361,143,25,81,12,50,7,18
"Ricky Davis","BOS",79,2474,259,587,190,69,94,33,63,24,45
"Shaquille O'Neal","LAL",67,2466,196,431,157,39,90,18,49,0,39
"Jason Kidd","NJN",67,2464,618,1310,544,74,341,63,140,13,61
"Pau Gasol","MEM",78,2452,198,455,139,59,92,27,20,16,43
"Kobe Bryant","LAL",65,2447,330,719,271,59,171,43,57,26,33
"DeShawn Stevenson","ORL",80,2444,158,335,139,19,78,16,45,5,14
"James Posey","MEM",82,2443,122,282,84,38,40,20,24,2,36
"Al Harrington","IND",79,2441,131,307,86,45,46,12,28,24,21
"Erick Dampier","GSW",74,2408,60,144,36,24,18,5,13,4,20
"Mark Blount","BOS",82,2405,75,173,52,23,32,3,17,8,15
"Rasheed Wallace","DET",68,2394,156,341,127,29,66,31,30,8,21
"Antawn Jamison","DAL",82,2379,70,162,48,22,29,4,15,6,16
"Jeff McInnis","CLE",70,2377,430,916,374,56,162,107,105,12,44
"Rasho Nesterovic","SAS",82,2359,114,250,92,22,51,11,30,4,18
"Keith Van Horn","MIL",72,2342,120,268,92,28,40,24,28,6,22
"Mike Dunleavy","GSW",75,2341,220,484,176,44,102,18,56,7,37
"Quentin Richardson","LAC",65,2340,139,303,114,25,63,21,30,4,21
"Tyronn Lue","ORL",76,2336,317,696,255,62,70,37,148,14,48
"Vladimir Radmanovic","SEA",77,2322,142,336,90,52,56,16,18,28,24
"Vlade Divac","SAC",81,2314,432,991,305,127,159,24,122,42,85
"Brian Grant","MIA",76,2302,69,162,45,24,26,6,13,3,21
"Reggie Miller","IND",80,2267,249,527,220,29,97,71,52,10,19
"Trenton Hassell","MIN",81,2263,133,291,108,25,33,29,46,6,19
"Kenyon Martin","NJN",65,2259,160,348,132,28,69,10,53,7,21
"Joe Smith","MIL",76,2259,78,173,61,17,23,27,11,7,10
"Manu Ginobili","SAS",77,2255,291,640,233,58,118,37,78,37,21
"Darrell Armstrong","NOH",79,2245,311,695,238,73,116,30,92,29,44
"Voshon Lenard","DEN",73,2244,151,318,135,16,81,15,39,0,16
"Kwame Brown","WAS",74,2230,112,248,88,24,43,16,29,3,21
"Jason Collins","NJN",78,2225,153,335,124,29,49,14,61,4,25
"Samuel Dalembert","PHI",82,2204,21,47,16,5,10,2,4,2,3
"Mike James","DET",81,2196,339,757,260,79,118,43,99,29,50
"Jiri Welsch","BOS",81,2185,183,416,133,50,52,31,50,20,30
"Marcus Camby","DEN",72,2165,132,281,115,17,78,12,25,4,13
"Eddy Curry","CHI",73,2158,68,155,49,19,17,8,24,2,17
"Ray Allen","SEA",56,2157,268,623,181,87,97,39,45,21,66
"Greg Ostertag","UTA",78,2153,123,252,117,6,32,6,79,1,5
"Morris Peterson","TOR",82,2139,113,259,80,33,33,16,31,13,20
"Drew Gooden","ORL",79,2137,89,204,63,26,33,10,20,9,17
"Dwyane Wade","MIA",61,2136,275,647,178,97,78,21,79,24,73
"Aaron McKie","PHI",75,2117,195,419,166,29,85,26,55,6,23
"Jason Williams","MEM",72,2111,492,1057,419,73,211,74,134,17,56
"Anfernee Hardaway","NYK",76,2095,176,385,143,33,72,27,44,13,20
"Tim Thomas","NYK",66,2089,124,275,97,27,25,30,42,9,18
"Maurice Taylor","HOU",75,2081,107,232,89,18,59,15,15,6,12
"Darius Miles","POR",79,2080,162,349,137,25,77,17,43,12,13
"Hedo Turkoglu","SAS",80,2080,154,334,128,26,61,28,39,11,15
"Larry Hughes","WAS",61,2067,148,324,120,28,65,17,38,9,19
"Gilbert Arenas","WAS",55,2067,275,605,220,55,121,36,63,19,36
"Calbert Cheaney","GSW",79,2062,136,307,101,35,53,15,33,16,19
"Allen Iverson","PHI",48,2047,324,695,277,47,140,55,82,27,20
"Jarvis Hayes","WAS",70,2044,106,241,77,29,45,11,21,9,20
"Gordan Giricek","UTA",73,2041,122,282,84,38,35,24,25,8,30
"Caron Butler","MIA",68,2026,126,296,82,44,29,11,42,19,25
"Amar'e Stoudemire","PHX",55,2025,78,172,62,16,35,6,21,7,9
"Flip Murray","SEA",82,2025,205,472,143,62,81,20,42,15,47
"Raja Bell","UTA",82,2021,107,234,87,20,40,5,42,5,15
"Damon Jones","MIL",82,2009,478,1046,388,90,181,79,128,24,66
"David Wesley","NOH",61,2006,175,392,133,42,69,24,40,10,32
"Carlos Arroyo","UTA",71,2003,355,756,309,46,153,25,131,15,31
"Shandon Anderson","NYK",80,1966,122,270,96,26,38,23,35,8,18
"Jeff Foster","IND",82,1953,64,147,45,19,21,11,13,8,11
"Devean George","LAL",82,1953,112,243,93,19,38,21,34,7,12
"Shane Battier","MEM",79,1948,101,220,83,18,41,19,23,5,13
"Jared Jeffries","WAS",82,1917,93,219,60,33,32,9,19,7,26
"Boris Diaw","ATL",76,1915,182,411,135,47,60,24,51,20,27
"Etan Thomas","WAS",79,1900,68,154,50,18,16,7,27,6,12
"Walter McCarty","BOS",77,1898,124,274,98,26,48,17,33,7,19
"Eric Williams","CLE",71,1881,120,263,97,23,44,22,31,7,16
"Bonzi Wells","MEM",72,1872,139,307,110,29,56,19,35,7,22
"Chris Kaman","LAC",82,1850,85,179,76,9,51,8,17,3,6
"Earl Boykins","DEN",82,1838,295,646,239,56,99,31,109,12,44
"Casey Jacobsen","PHX",78,1831,98,231,63,35,42,7,14,13,22
"Derek Anderson","POR",51,1813,228,506,178,50,90,32,56,6,44
"Brent Barry","SEA",59,1803,342,777,249,93,121,52,76,34,59
"Udonis Haslem","MIA",75,1797,51,123,30,21,13,4,13,4,17
"Fred Hoiberg","MIN",79,1795,109,234,93,16,26,31,36,4,12
"Allan Houston","NYK",50,1794,99,218,79,20,21,24,34,3,17
"Keith Bogans","ORL",73,1786,98,210,84,14,30,13,41,1,13
"Mike Miller","MEM",65,1765,232,519,177,55,77,43,57,19,36
"Marko Jaric","LAC",58,1760,281,613,230,51,105,48,77,7,44
"Derek Fisher","LAL",82,1759,187,403,158,29,84,19,55,2,27
"Kelvin Cato","HOU",69,1747,72,163,53,19,33,6,14,8,11
"Alvin Williams","TOR",56,1737,224,501,171,53,64,34,73,28,25
"Jarron Collins","UTA",81,1731,77,160,71,6,24,7,40,1,5
"George Lynch","NOH",78,1691,117,258,93,24,43,16,34,7,17
"Dale Davis","POR",76,1684,72,164,52,20,15,15,22,3,17
"Lorenzen Wright","MEM",65,1677,71,160,53,18,36,6,11,5,13
"Earl Watson","MEM",81,1673,402,860,346,56,170,39,137,31,25
"Bob Sura","ATL",80,1657,233,530,169,64,78,17,74,22,42
"Ruben Patterson","POR",73,1652,139,311,106,33,66,10,30,14,19
"Dion Glover","TOR",69,1642,130,289,101,29,40,21,40,16,13
"Brian Cardinal","GSW",76,1631,103,224,85,18,46,13,26,4,14
"Jerome Williams","CHI",68,1624,72,158,58,14,25,11,22,3,11
"Raul Lopez","UTA",82,1622,305,657,258,47,136,26,96,13,34
"Bo Outlaw","MEM",82,1614,90,200,70,20,47,9,14,7,13
"Nazr Mohammed","NYK",80,1611,36,72,36,0,20,5,11,0,0
"Anthony Johnson","IND",73,1603,202,453,153,49,71,22,60,12,37
"Jake Voskuhl","PHX",66,1599,57,123,48,9,26,10,12,3,6
"Speedy Claxton","GSW",60,1594,267,616,185,82,59,26,100,23,59
"John Salmons","PHI",77,1588,134,294,108,26,48,18,42,11,15
"Mehmet Okur","DET",71,1588,69,156,51,18,24,11,16,7,11
"Josh Howard","DAL",67,1586,97,214,77,20,36,11,30,5,15
"Brian Skinner","MIL",56,1580,49,107,40,9,18,7,15,2,7
"Corliss Williamson","DET",79,1574,57,122,49,8,28,13,8,3,5
"Chucky Atkins","BOS",64,1539,223,482,187,36,102,30,55,7,29
"Stromile Swift","MEM",77,1530,38,86,28,10,21,4,3,6,4
"Antonio Daniels","SEA",71,1516,298,715,179,119,67,34,78,40,79
"Toni Kukoc","MIL",73,1515,200,432,168,32,94,35,39,9,23
"Lucious Harris","NJN",69,1504,135,303,102,33,53,10,39,15,18
"Leandro Barbosa","PHX",70,1501,165,359,136,29,62,25,49,20,9
"Fred Jones","IND",81,1500,173,379,140,33,51,26,63,13,20
"Dikembe Mutombo","NYK",65,1499,25,55,20,5,5,4,11,0,5
"Brendan Haywood","WAS",77,1493,43,97,32,11,11,3,18,2,9
"T.J. Ford","MIL",55,1484,356,775,293,63,140,67,86,19,44
"Juan Dixon","WAS",71,1475,137,303,108,29,58,14,36,8,21
"Tony Battie","CLE",73,1475,58,129,45,13,17,14,14,2,11
"Howard Eisley","PHX",67,1459,273,600,219,54,83,35,101,28,26
"Slava Medvedenko","LAL",68,1449,57,126,45,12,16,3,26,3,9
"Vitaly Potapenko","SEA",65,1423,53,125,34,19,21,4,9,4,15
"Stacey Augmon","NOH",69,1419,85,196,59,26,22,10,27,5,21
"Rodney Rogers","NJN",69,1414,137,295,116,21,66,13,37,8,13
"Kendall Gill","CHI",56,1409,89,194,73,16,36,12,25,3,13
"Kevin Ollie","CLE",82,1390,234,505,197,37,77,35,85,12,25
"Steve Blake","WAS",75,1387,209,468,159,50,89,23,47,20,30
"Anthony Peeler","SAC",75,1383,120,269,91,29,51,5,35,18,11
"Karl Malone","LAL",42,1380,163,345,144,19,107,15,22,3,16
"Marcus Banks","BOS",81,1377,175,387,138,37,71,15,52,10,27
"Jamaal Tinsley","IND",52,1376,303,662,247,56,131,36,80,13,43
"Bobby Simmons","LAC",56,1373,96,211,77,19,48,14,15,1,18
"Glenn Robinson","PHI",42,1345,57,122,49,8,26,8,15,2,6
"Chris Wilcox","LAC",65,1340,51,107,46,5,33,3,10,0,5
"Aaron Williams","NJN",72,1336,81,172,71,10,51,5,15,3,7
"Chris Mihm","BOS",76,1328,21,46,17,4,12,1,4,0,4
"Vin Baker","NYK",54,1321,66,151,47,19,19,6,22,4,15
"Robert Horry","SAS",81,1288,101,225,78,23,42,14,22,7,16
"Reggie Evans","SEA",75,1286,33,75,24,9,11,6,7,1,8
"Jacque Vaughn","ATL",71,1265,195,431,154,41,64,23,67,17,24
"Nick Van Exel","GSW",39,1257,206,458,160,46,94,24,42,8,38
"Malik Rose","SAS",67,1254,69,154,53,16,33,10,10,8,8
"Charlie Ward","SAS",71,1253,215,462,183,32,67,37,79,12,20
"Dan Gadzuric","MIL",75,1252,28,62,22,6,9,7,6,0,6
"Kareem Rush","LAL",72,1248,59,129,48,11,12,9,27,4,7
"Ira Newble","CLE",64,1245,72,153,63,9,24,14,25,4,5
"Mark Madsen","MIN",72,1243,28,61,23,5,6,3,14,1,4
"Michael Curry","TOR",70,1223,53,122,37,16,14,8,15,8,8
"Chris Crawford","ATL",56,1209,45,103,32,13,13,5,14,6,7
"Andrew DeClercq","ORL",71,1209,44,104,28,16,12,4,12,2,14
"Milt Palacio","TOR",59,1207,184,423,129,55,44,16,69,31,24
"Rod Strickland","TOR",61,1202,244,531,201,43,80,31,90,8,35
"Calvin Booth","SEA",71,1198,28,69,15,13,6,2,7,5,8
"Bobby Jackson","SAC",50,1189,105,228,87,18,39,11,37,5,13
"Eddie House","LAC",60,1181,148,311,133,15,68,28,37,4,11
"Sasha Pavlovic","UTA",79,1136,60,123,57,3,22,5,30,1,2
"Keyon Dooling","LAC",58,1132,130,289,101,29,54,12,35,5,24
"Matt Harpring","UTA",31,1131,63,139,50,13,15,4,31,4,9
"Luke Ridnour","SEA",69,1113,163,382,107,56,56,15,36,22,34
"Horace Grant","LAL",55,1110,71,155,58,13,15,11,32,3,10
"Jon Barry","DEN",57,1090,147,315,126,21,74,14,38,0,21
"Austin Croshere","IND",77,1043,52,119,37,15,15,6,16,7,8
"Corie Blount","TOR",62,1043,55,124,41,14,20,2,19,1,13
"Doug Overton","LAC",61,1036,138,299,115,23,39,21,55,1,22
"Wesley Person","ATL",58,1035,66,143,55,11,22,11,22,5,6
"Marquis Daniels","DAL",56,1034,116,254,94,22,37,14,43,7,15
"Brevin Knight","MIL",56,1033,204,436,176,28,104,18,54,4,24
"Chris Andersen","DEN",71,1029,35,72,33,2,17,4,12,0,2
"Michael Doleac","DEN",72,1025,44,97,35,9,15,10,10,0,9
"Eddie Robinson","CHI",51,1023,58,122,52,6,22,13,17,1,5
"Gary Trent","MIN",68,1022,49,110,37,12,17,5,15,3,9
"Jerome James","SEA",65,992,32,85,11,21,6,1,4,4,17
"Rodney White","DEN",72,987,60,130,50,10,23,5,22,1,9
"Christian Laettner","WAS",48,983,89,197,70,19,37,11,22,5,14
"Darius Songaila","SAC",73,974,48,113,31,17,10,1,20,6,11
"Ervin Johnson","MIN",66,970,24,55,17,7,6,0,11,1,6
"Kedrick Brown","CLE",55,969,64,137,55,9,25,14,16,2,7
"Predrag Drobnjak","LAC",61,952,39,88,29,10,14,2,13,0,10
"Robert Traylor","NOH",71,939,43,104,25,18,8,5,12,3,15
"Bryon Russell","LAL",72,935,71,155,58,13,21,13,24,3,10
"Antonio McDyess","PHX",42,930,36,82,26,10,13,5,8,4,6
"David West","NOH",71,929,60,135,45,15,21,4,20,3,12
"Michael Olowokandi","MIN",43,925,24,56,16,8,2,2,12,1,7
"Steven Smith","NOH",71,922,56,122,46,10,21,8,17,1,9
"Brian Scalabrine","NJN",69,917,65,143,52,13,24,3,25,4,9
"Kenny Anderson","IND",44,910,125,277,98,27,46,18,34,10,17
"Ronald Dupree","CHI",47,902,55,128,37,18,17,7,13,1,17
"Elden Campbell","DET",65,899,45,95,40,5,21,7,12,1,4
"Francisco Elson","DEN",62,876,32,68,28,4,7,7,14,2,2
"Clar. Weatherspoon","HOU",52,872,30,70,20,10,13,3,4,1,9
"Othella Harrington","NYK",56,871,29,65,22,7,5,6,11,3,4
"Jahidi White","PHX",62,868,7,15,6,1,4,0,2,0,1
"Kyle Korver","PHI",74,862,40,84,36,4,20,10,6,2,2
"Rick Fox","LAL",38,846,98,203,91,7,49,18,24,3,4
"Derrick Coleman","PHI",34,846,46,101,37,9,17,10,10,3,6
"Moochie Norris","NYK",66,844,121,269,94,27,33,20,41,10,17
"Chris Webber","SAC",23,833,105,236,79,26,42,9,28,10,16
"Tom Gugliotta","UTA",55,818,63,140,49,14,22,8,19,3,11
"Steven Hunter","ORL",59,790,12,29,7,5,2,2,3,0,5
"Donnell Harvey","PHX",60,789,21,43,20,1,14,1,5,0,1
"Tyson Chandler","CHI",35,787,23,49,20,3,12,2,6,0,3
"Tony Massenburg","SAC",59,783,29,63,24,5,10,3,11,2,3
"Lee Nailon","CLE",57,779,38,81,33,5,23,6,4,2,3
"Jerry Stackhouse","WAS",26,775,103,237,72,31,47,12,13,5,26
"Mo Williams","UTA",57,773,76,165,63,13,36,4,23,6,7
"Willie Green","PHI",53,767,53,112,47,6,19,11,17,0,6
"Lonny Baxter","WAS",62,764,20,44,16,4,7,1,8,3,1
"Shawn Bradley","DAL",66,763,20,43,17,3,8,2,7,0,3
"Travis Best","DAL",61,762,112,238,98,14,39,13,46,3,11
"Shammond Williams","NOH",53,760,116,251,97,19,43,19,35,3,16
"Mickael Pietrus","GSW",53,752,27,64,17,10,11,2,4,3,7
"Marcus Fizer","CHI",46,741,43,99,30,13,12,3,15,5,8
"Linton Johnson","CHI",41,732,27,59,22,5,8,4,10,1,4
"Jamal Mashburn","NOH",19,730,47,114,27,20,11,7,9,8,12
"Michael Ruffin","UTA",41,729,41,86,37,4,12,3,22,2,2
"DeSagana Diop","CLE",56,722,34,70,32,2,13,11,8,1,1
"Matt Barnes","LAC",38,720,48,100,44,4,20,5,19,1,3
"Eduardo Najera","DAL",58,720,25,54,21,4,13,2,6,1,3
"Luke Walton","LAL",72,718,113,250,89,24,59,13,17,5,19
"Frank Williams","NYK",56,713,121,268,95,26,33,15,47,8,18
"Dajuan Wagner","CLE",44,710,51,107,46,5,14,10,22,1,4
"Daniel Santiago","MIL",54,709,24,54,18,6,9,4,5,0,6
"Eric Piatkowski","HOU",49,702,26,62,16,10,4,4,8,4,6
"Greg Buckner","PHI",53,697,45,99,36,9,18,5,13,2,7
"Scot Pollard","IND",61,679,10,23,7,3,2,0,5,0,3
"Rasual Butler","MIA",45,675,23,54,15,8,9,3,3,3,5
"Qyntel Woods","POR",62,665,46,98,40,6,15,11,14,1,5
"Jason Hart","SAS",53,663,81,184,59,22,24,8,27,7,15
"Zaza Pachulia","ORL",59,659,13,28,11,2,6,1,4,1,1
"Lindsey Hunter","DET",33,653,85,182,73,12,31,23,19,3,9
"Avery Johnson","GSW",46,637,111,245,88,23,35,12,41,8,15
"Amal McCaskill","PHI",59,634,20,47,13,7,7,3,3,3,4
"Wally Szczerbiak","MIN",28,624,33,74,25,8,6,6,13,2,6
"Danny Fortson","DAL",56,620,9,21,6,3,4,0,2,1,2
"Devin Brown","SAS",58,619,33,71,28,5,12,5,11,1,4
"Malik Allen","MIA",45,616,16,39,9,7,7,1,1,0,7
"Troy Murphy","GSW",28,612,20,41,19,1,12,1,6,0,1
"Marc Jackson","PHI",22,597,18,41,13,5,9,2,2,2,3
"Sean Rooks","ORL",55,588,29,63,24,5,10,8,6,3,2
"Mark Jackson","HOU",42,579,119,277,80,39,33,11,36,16,23
"Ansu Sesay","SEA",57,575,19,47,10,9,5,3,2,6,3
"Adonal Foyle","GSW",44,575,17,39,12,5,8,1,3,3,2
"Zarko Cabarkapa","PHX",49,575,40,84,36,4,21,6,9,2,2
"Erick Strickland","MIL",43,573,90,195,75,15,33,16,26,3,12
"Mitchell Butler","WAS",41,554,32,74,22,10,12,2,8,2,8
"Scott Padgett","HOU",58,549,23,55,14,9,7,4,3,3,6
"Jason Collier","ATL",20,546,17,39,12,5,7,0,5,1,4
"Scott Williams","DAL",43,535,17,35,16,1,10,4,2,0,1
"Jake Tsakalidis","MEM",40,532,18,41,13,5,8,2,3,1,4
"Lamond Murray","TOR",33,521,28,60,24,4,9,5,10,1,3
"Ron Mercer","SAS",39,519,22,46,20,2,7,6,7,0,2
"Tony Delk","DAL",33,515,28,59,25,3,9,8,8,2,1
"Travis Hansen","ATL",41,510,19,43,14,5,4,3,7,2,3
"Melvin Ely","LAC",42,508,22,50,16,6,5,4,7,0,6
"Bostjan Nachbar","HOU",45,507,30,73,17,13,6,4,7,2,11
"Troy Hudson","MIN",29,505,70,147,63,7,20,18,25,5,2
"Oliver Miller","MIN",48,505,36,76,32,4,17,4,11,0,4
"Loren Woods","MIA",38,502,10,25,5,5,2,1,2,1,4
"Michael Sweetney","NYK",42,497,14,31,11,3,6,1,4,0,3
"Jannero Pargo","CHI",31,477,70,155,55,15,28,5,22,5,10
"Darvin Ham","DET",54,471,16,36,12,4,1,5,6,2,2
"Zendon Hamilton","PHI",45,471,13,28,11,2,2,4,5,1,1
"Zoran Planinic","NJN",49,467,68,149,55,13,27,6,22,5,8
"Richie Frahm","SEA",54,459,24,57,15,9,7,1,7,2,7
"Vladimir Stepania","POR",42,454,23,49,20,3,7,3,10,1,2
"J.R. Bremer","GSW",36,438,51,109,44,7,18,7,19,5,2
"Brian Cook","LAL",35,438,20,43,17,3,5,4,8,1,2
"Brandon Armstrong","NJN",56,426,14,34,8,6,4,0,4,2,4
"Jason Kapono","CLE",41,423,14,29,13,1,5,2,6,0,1
"Samaki Walker","MIA",33,416,6,14,4,2,3,0,1,2,0
"Jerome Moiso","TOR",34,415,8,18,6,2,3,1,2,2,0
"Scottie Pippen","CHI",23,411,50,110,40,10,21,9,10,1,9
"Rick Brunson","CHI",40,407,82,174,72,10,25,9,38,3,7
"Brandon Hunter","BOS",36,405,19,42,15,4,10,1,4,1,3
"Mikki Moore","UTA",32,395,19,41,16,3,4,1,11,0,3
"Ryan Bowen","DEN",52,389,18,39,15,3,5,4,6,0,3
"Keith McLeod","MIN",33,385,59,124,53,6,20,12,21,3,3
"Jumaine Jones","BOS",42,371,14,33,9,5,6,3,0,1,4
"Mamadou N'diaye","ATL",28,371,0,0,0,0,0,0,0,0,0
"Kevin Willis","SAS",48,370,11,24,9,2,5,1,3,0,2
"John Wallace","MIA",36,365,14,31,11,3,5,2,4,1,2
"Reece Gaines","ORL",38,354,40,89,31,9,7,6,18,2,7
"Joel Przybilla","ATL",17,345,7,18,3,4,1,1,1,1,3
"Gerald Wallace","SAC",37,336,19,41,16,3,5,2,9,2,1
"Raef LaFrentz","BOS",17,330,24,51,21,3,10,5,6,1,2
"Roger Mason Jr.","TOR",26,324,26,58,20,6,2,4,14,3,3
"Nikoloz Tskitishvili","DEN",39,306,10,23,7,3,2,0,5,0,3
"Britton Johnsen","ORL",20,292,12,28,8,4,3,1,4,1,3
"Dan Dickau","POR",43,291,38,79,35,3,14,3,18,1,2
"DerMarr Johnson","NYK",21,283,11,23,10,1,7,2,1,0,1
"Zeljko Rebraca","ATL",24,270,6,15,3,3,2,0,1,1,2
"Jonathan Bender","IND",21,269,9,20,7,2,3,1,3,0,2
"Marcus Haislip","MIL",31,262,4,10,2,2,0,0,2,0,2
"Glen Rice","LAC",18,260,24,53,19,5,12,4,3,0,5
"Curtis Borchardt","UTA",16,257,15,31,14,1,3,0,11,0,1
"Robert Archibald","TOR",32,252,13,29,10,3,7,1,2,1,2
"Tremaine Fowlkes","DET",36,251,14,29,13,1,6,1,6,0,1
"Maciej Lampe","PHX",21,225,9,21,6,3,3,1,2,2,1
"Alonzo Mourning","NJN",12,216,8,17,7,1,2,1,4,0,1
"Robert Pack","NJN",26,215,27,56,25,2,10,7,8,1,1
"Chris Jefferies","CHI",21,198,7,14,7,0,0,1,6,0,0
"Chris Whitney","WAS",16,183,14,28,14,0,8,0,6,0,0
"Theron Smith","MEM",20,179,7,16,5,2,2,2,1,0,2
"Darrick Martin","MIN",16,174,23,50,19,4,3,6,10,1,3
"Ben Handlogten","UTA",17,171,6,13,5,1,1,1,3,0,1
"Jabari Smith","SAC",31,170,11,24,9,2,5,2,2,1,1
"Bimbo Coles","MIA",22,168,15,33,12,3,2,0,10,2,1
"Jamison Brewer","IND",13,162,17,39,12,5,6,2,4,3,2
"Darko Milicic","DET",34,160,7,16,5,2,5,0,0,1,1
"Tamar Slay","NJN",22,159,14,30,12,2,2,3,7,1,1
"Dahntay Jones","MEM",20,154,12,25,11,1,7,1,3,1,0
"Eddie Gill","POR",22,153,16,34,14,2,9,4,1,2,0
"Torraye Braggs","WAS",15,150,7,15,6,1,4,1,1,1,0
"Michael Stewart","BOS",25,148,0,0,0,0,0,0,0,0,0
"Mike Wilks","HOU",26,140,17,43,8,9,4,0,4,2,7
"Omar Cook","POR",17,138,24,53,19,5,9,2,8,4,1
"Rodney Buford","SAC",22,138,7,14,7,0,2,0,5,0,0
"Jamal Sampson","LAL",10,131,7,15,6,1,0,1,5,0,1
"Adrian Griffin","HOU",19,122,10,22,8,2,2,1,5,0,2
"Wang Zhi-zhi","MIA",16,114,2,5,1,1,0,0,1,0,1
"Maurice Carter","NOH",10,109,4,8,4,0,2,0,2,0,0
"Michael Bradley","ATL",16,98,1,2,1,0,0,1,0,0,0
"Jeff Trepagnier","DEN",11,97,4,9,3,1,1,2,0,1,0
"Paul Grant","UTA",10,96,3,6,3,0,1,0,2,0,0
"Mateen Cleaves","CLE",4,91,19,38,19,0,11,4,4,0,0
"Anthony Carter","SAS",5,87,12,27,9,3,4,3,2,1,2
"Desmond Penigar","ORL",10,86,3,6,3,0,1,1,1,0,0
"Paul Shirley","CHI",7,84,4,8,4,0,2,0,2,0,0
"Anthony Goldwire","NJN",11,83,11,24,9,2,3,2,4,2,0
"Derrick Dial","ORL",9,83,2,4,2,0,1,0,1,0,0
"Hubert Davis","NJN",17,76,4,8,4,0,3,1,0,0,0
"Bryce Drew","NOH",15,76,13,29,10,3,5,1,4,0,3
"Primoz Brezec","IND",18,70,3,6,3,0,0,1,2,0,0
"Shane Heal","SAS",6,69,5,11,4,1,0,1,3,0,1
"Alan Henderson","ATL",6,68,2,4,2,0,2,0,0,0,0
"Matt Carroll","SAS",16,66,2,4,2,0,0,1,1,0,0
"Quincy Lewis","MIN",14,63,2,4,2,0,1,1,0,0,0
"Sean Lampley","GSW",10,61,2,5,1,1,0,1,0,0,1
"Cherokee Parks","GSW",11,58,1,2,1,0,1,0,0,0,0
"Randy Livingston","LAC",4,48,4,8,4,0,1,3,0,0,0
"Hiram Fuller","ATL",4,43,2,5,1,1,0,0,1,0,1
"Alton Ford","HOU",9,40,3,6,3,0,3,0,0,0,0
"Mengke Bateer","TOR",7,39,1,3,0,1,0,0,0,1,0
"Tyrone Hill","MIA",5,37,0,0,0,0,0,0,0,0,0
"Kendrick Perkins","BOS",10,35,3,8,1,2,1,0,0,0,2
"Dan Langhi","MIL",6,35,0,0,0,0,0,0,0,0,0
"Tracy Murray","POR",7,35,1,2,1,0,1,0,0,0,0
"Troy Bell","MEM",6,35,4,8,4,0,2,1,1,0,0
"Ndudi Ebi","MIN",17,32,3,6,3,0,2,0,1,0,0
"Bruno Sundov","NYK",5,31,1,2,1,0,1,0,0,0,0
"Desmond Ferguson","POR",7,31,1,2,1,0,1,0,0,0,0
"Keon Clark","UTA",2,28,1,2,1,0,0,0,1,0,0
"Ime Udoka","LAL",4,28,2,5,1,1,0,1,0,0,1
"James Jones","IND",6,26,0,0,0,0,0,0,0,0,0
"Ruben Boumtje-Boumtje","POR",9,25,1,3,0,1,0,0,0,0,1
"Charles Oakley","HOU",7,24,2,4,2,0,2,0,0,0,0
"Josh Davis","ATL",4,22,0,0,0,0,0,0,0,0,0
"Pat Garrity","ORL",2,21,1,3,0,1,0,0,0,1,0
"Mark Pope","DEN",4,20,0,0,0,0,0,0,0,0,0
"Rusty LaRue","GSW",4,19,2,4,2,0,1,0,1,0,0
"Travis Outlaw","POR",8,19,1,2,1,0,1,0,0,0,0
"Tierre Brown","NOH",3,18,2,4,2,0,1,0,1,0,0
"Kirk Penney","MIA",2,17,1,2,1,0,0,0,1,0,0
"Damone Brown","NJN",3,16,0,0,0,0,0,0,0,0,0
"Jelani McCoy","CLE",2,13,0,0,0,0,0,0,0,0,0
"Kaniel Dickens","POR",3,13,0,0,0,0,0,0,0,0,0
"Cezary Trybanski","NYK",7,13,0,0,0,0,0,0,0,0,0
"Alex Garcia","SAS",2,13,0,0,0,0,0,0,0,0,0
"Ryan Humphrey","MEM",2,12,1,2,1,0,1,0,0,0,0
"Olden Polynice","LAC",2,11,1,2,1,0,0,0,1,0,0
"Dana Barros","BOS",1,11,0,0,0,0,0,0,0,0,0
"Popeye Jones","GSW",5,10,0,0,0,0,0,0,0,0,0
"Jerome Beasley","MIA",2,5,0,0,0,0,0,0,0,0,0
"Leon Smith","SEA",1,4,0,0,0,0,0,0,0,0,0
"Slavko Vranes","POR",1,3,0,0,0,0,0,0,0,0,0